Mean: 8.80263157895
SD: 0.987017528268
