Mean: 8.03782894737
SD: 1.12399804373
