Mean: 8.07730263158
SD: 1.15377439553
