Mean: 8.07894736842
SD: 1.15722169434
