Mean: 8.03865131579
SD: 1.12506702584
