Mean: 8.80592105263
SD: 0.992652848673
